Marca número 1	3094132,522

Marca número 2	3094184,891


3094107,103	0,100000
3094107,113	0,100000
3094107,127	0,100000
3094107,135	0,100000
3094107,146	0,100000
3094107,157	0,100000
3094107,166	0,100000
3094107,176	0,100000
3094107,185	0,100000
3094107,196	0,100000
3094107,206	0,100000
3094107,216	0,100000
3094107,226	0,100000
3094107,235	0,100000
3094107,245	0,100000
3094107,255	0,100000
3094107,265	0,100000
3094107,294	0,100000
3094107,302	0,100000
3094107,737	0,100000
3094108,858	0,100000
3094109,979	0,100000
3094111,099	0,100000
3094112,223	0,100000
3094113,343	0,100000
3094114,466	0,100000
3094115,587	0,100000
3094116,478	0,032119
3094116,973	2,016129
3094117,317	2,906977
3094117,620	3,289474
3094117,876	3,952569
3094118,112	4,184100
3094118,349	4,255319
3094118,579	4,329004
3094118,812	4,329004
3094119,042	4,366812
3094119,272	4,291845
3094119,506	4,329004
3094119,738	4,310345
3094119,969	4,310345
3094120,200	4,310345
3094120,436	4,310345
3094120,667	4,310345
3094120,897	4,310345
3094121,131	4,310345
3094121,364	4,291845
3094121,593	4,329004
3094121,832	4,255319
3094122,060	4,347826
3094122,294	4,329004
3094122,528	4,273504
3094122,760	4,255319
3094122,998	4,201681
3094123,248	4,048583
3094123,551	3,278689
3094123,867	3,194888
3094124,181	3,174603
3094124,490	3,236246
3094124,800	3,225806
3094125,116	3,184713
3094125,436	3,125000
3094125,751	3,174603
3094126,058	3,236246
3094126,369	3,236246
3094126,685	3,184713
3094126,998	3,225806
3094127,295	3,344482
3094127,549	3,952569
3094127,792	4,132231
3094128,028	4,184100
3094128,241	4,694836
3094128,442	5,000000
3094128,642	5,000000
3094128,841	5,076142
3094129,024	5,434783
3094129,204	5,586592
3094129,385	5,586592
3094129,560	5,586592
3094129,741	5,649718
3094129,909	5,847953
3094130,076	6,024096
3094130,241	6,172840
3094130,400	6,211180
3094130,563	6,134969
3094130,727	6,134969
3094130,888	6,134969
3094131,053	6,211180
3094131,210	6,172840
3094131,374	6,134969
3094131,538	6,134969
3094131,702	6,134969
3094131,865	6,172840
3094132,030	6,097561
3094132,190	6,134969
3094132,357	6,097561
3094132,522	6,060606
3094132,686	6,097561
3094132,849	6,097561
3094133,014	6,134969
3094133,177	6,134969
3094133,341	6,097561
3094133,506	6,097561
3094133,670	6,097561
3094133,832	6,134969
3094133,998	6,097561
3094134,160	6,097561
3094134,324	6,097561
3094134,489	6,060606
3094134,654	6,097561
3094134,821	6,060606
3094134,984	6,134969
3094135,147	6,060606
3094135,311	6,097561
3094135,475	6,097561
3094135,643	6,060606
3094135,807	6,024096
3094135,970	6,060606
3094136,134	6,211180
3094136,291	6,329114
3094136,449	6,410256
3094136,601	6,451613
3094136,760	6,410256
3094136,916	6,410256
3094137,065	6,666667
3094137,216	6,711409
3094137,364	6,849315
3094137,510	6,711409
3094137,658	6,849315
3094137,805	6,756757
3094137,954	6,802721
3094138,096	6,993007
3094138,239	6,993007
3094138,379	7,042254
3094138,522	7,142857
3094138,661	7,042254
3094138,800	7,246377
3094138,939	7,194245
3094139,076	7,299270
3094139,215	7,194245
3094139,353	7,299270
3094139,494	7,246377
3094139,629	7,299270
3094139,768	7,246377
3094139,906	7,142857
3094140,045	7,246377
3094140,184	7,194245
3094140,326	7,246377
3094140,465	7,092199
3094140,602	7,092199
3094140,745	7,092199
3094140,890	6,944444
3094141,034	7,042254
3094141,175	7,042254
3094141,321	6,849315
3094141,466	6,802721
3094141,615	6,756757
3094141,762	6,802721
3094141,913	6,711409
3094142,061	6,756757
3094142,212	6,578947
3094142,368	6,451613
3094142,523	6,369427
3094142,684	6,369427
3094142,841	6,369427
3094142,999	6,329114
3094143,158	6,134969
3094143,326	6,024096
3094143,494	5,988024
3094143,658	6,024096
3094143,826	5,952381
3094143,994	5,988024
3094144,162	5,952381
3094144,331	6,024096
3094144,497	5,988024
3094144,666	5,988024
3094144,833	5,952381
3094145,002	5,952381
3094145,167	5,988024
3094145,337	5,952381
3094145,505	5,882353
3094145,673	5,917160
3094145,845	5,917160
3094146,014	5,952381
3094146,181	5,952381
3094146,349	5,917160
3094146,517	6,024096
3094146,685	5,917160
3094146,853	5,917160
3094147,025	5,917160
3094147,195	5,952381
3094147,362	5,952381
3094147,528	5,952381
3094147,697	5,882353
3094147,878	5,586592
3094148,062	5,434783
3094148,245	5,405405
3094148,434	5,405405
3094148,623	5,235602
3094148,828	4,901961
3094149,036	4,854369
3094149,241	4,830918
3094149,449	4,830918
3094149,659	4,784689
3094149,868	4,807692
3094150,077	4,784689
3094150,281	4,807692
3094150,490	4,807692
3094150,699	4,807692
3094150,912	4,694836
3094151,134	4,566210
3094151,350	4,587156
3094151,576	4,464286
3094151,826	3,968254
3094152,083	3,875969
3094152,346	3,861004
3094152,604	3,846154
3094152,866	3,861004
3094153,120	3,921569
3094153,377	3,861004
3094153,640	3,846154
3094153,902	3,831418
3094154,161	3,846154
3094154,423	3,831418
3094154,684	3,816794
3094155,001	3,164557
3094155,345	2,932551
3094155,708	2,732240
3094156,220	1,960784
3094156,753	1,883239
3094157,295	1,841621
3094157,819	1,912046
3094158,228	2,450980
3094158,572	2,898551
3094158,895	3,115265
3094159,214	3,095975
3094159,544	3,076923
3094159,870	3,039514
3094160,203	3,048780
3094160,525	3,067485
3094160,850	3,105590
3094161,176	3,048780
3094161,508	3,030303
3094161,850	2,949853
3094162,175	3,058104
3094162,500	3,067485
3094162,831	3,048780
3094163,159	3,030303
3094163,490	3,039514
3094163,815	3,067485
3094164,142	3,067485
3094164,474	3,003003
3094164,811	3,003003
3094165,100	3,424658
3094165,372	3,717472
3094165,639	3,831418
3094165,866	4,219409
3094166,091	4,464286
3094166,313	4,566210
3094166,533	4,484305
3094166,764	4,444444
3094166,986	4,424779
3094167,214	4,444444
3094167,436	4,464286
3094167,661	4,464286
3094167,885	4,444444
3094168,111	4,444444
3094168,338	4,424779
3094168,561	4,444444
3094168,787	4,444444
3094169,015	4,424779
3094169,241	4,464286
3094169,468	4,405286
3094169,693	4,405286
3094169,916	4,444444
3094170,146	4,385965
3094170,371	4,424779
3094170,601	4,405286
3094170,826	4,405286
3094171,057	4,385965
3094171,286	4,405286
3094171,510	4,366812
3094171,740	4,405286
3094171,970	4,385965
3094172,198	4,347826
3094172,423	4,405286
3094172,655	4,405286
3094172,883	4,366812
3094173,108	4,405286
3094173,338	4,366812
3094173,566	4,366812
3094173,796	4,385965
3094174,027	4,366812
3094174,256	4,329004
3094174,488	4,329004
3094174,719	4,329004
3094174,942	4,464286
3094175,159	4,629630
3094175,369	4,784689
3094175,574	4,854369
3094175,778	4,854369
3094175,987	4,901961
3094176,184	5,000000
3094176,377	5,235602
3094176,567	5,319149
3094176,749	5,405405
3094176,937	5,291005
3094177,126	5,347594
3094177,314	5,376344
3094177,498	5,319149
3094177,687	5,376344
3094177,876	5,347594
3094178,060	5,376344
3094178,248	5,347594
3094178,437	5,291005
3094178,625	5,376344
3094178,808	5,319149
3094178,998	5,347594
3094179,187	5,347594
3094179,376	5,291005
3094179,563	5,347594
3094179,751	5,319149
3094179,940	5,319149
3094180,124	5,376344
3094180,313	5,291005
3094180,500	5,347594
3094180,690	5,291005
3094180,878	5,319149
3094181,066	5,319149
3094181,259	5,291005
3094181,444	5,319149
3094181,632	5,319149
3094181,819	5,291005
3094182,014	5,291005
3094182,197	5,347594
3094182,382	5,434783
3094182,562	5,555556
3094182,741	5,617978
3094182,917	5,681818
3094183,089	5,747126
3094183,263	5,917160
3094183,431	5,952381
3094183,597	5,988024
3094183,766	5,988024
3094183,930	6,024096
3094184,094	6,097561
3094184,257	6,172840
3094184,416	6,172840
3094184,581	6,211180
3094184,736	6,369427
3094184,891	6,410256
3094185,047	6,410256
3094185,207	6,369427
3094185,363	6,329114
3094185,522	6,329114
3094185,684	6,369427
3094185,838	6,289308
3094185,995	6,369427
3094186,154	6,369427
3094186,315	6,329114
3094186,468	6,329114
3094186,624	6,410256
3094186,786	6,329114
3094186,940	6,369427
3094187,100	6,329114
3094187,256	6,369427
3094187,415	6,289308
3094187,576	6,289308
3094187,734	6,329114
3094187,891	6,289308
3094188,054	6,250000
3094188,209	6,289308
3094188,370	6,410256
3094188,525	6,329114
3094188,685	6,329114
3094188,845	6,329114
3094188,999	6,289308
3094189,160	6,250000
3094189,319	6,289308
3094189,479	6,289308
3094189,638	6,250000
3094189,799	6,250000
3094189,960	6,250000
3094190,123	6,250000
3094190,281	6,289308
3094190,437	6,250000
3094190,602	6,289308
3094190,762	6,250000
3094190,921	6,250000
3094191,082	6,250000
3094191,241	6,289308
3094191,399	6,250000
3094191,559	6,172840
3094191,724	6,172840
3094191,887	6,097561
3094192,057	5,952381
3094192,224	5,917160
3094192,401	5,714286
3094192,584	5,494505
3094192,781	5,000000
3094193,010	4,424779
3094193,288	3,571429
3094193,685	2,525253
3094194,834	0,100000
3094195,955	0,100000
3094197,077	0,100000
3094198,199	0,100000
3094199,318	0,100000
3094200,441	0,100000
3094201,562	0,100000
3094202,685	0,100000
3094203,807	0,100000
3094204,927	0,100000
3094206,047	0,100000
3094207,171	0,100000
3094208,291	0,100000
3094209,414	0,100000
3094210,534	0,100000
3094211,655	0,100000
3094212,778	0,100000
3094213,900	0,100000
3094215,021	0,100000
3094216,141	0,100000
3094217,263	0,100000
3094218,384	0,100000
3094219,506	0,100000
3094220,630	0,100000
3094221,748	0,100000
3094222,869	0,100000
3094223,991	0,100000
3094225,113	0,100000
3094226,237	0,100000
3094227,359	0,100000
3094228,477	0,100000
3094229,599	0,100000
3094230,720	0,100000
3094231,843	0,100000
3094232,966	0,100000
3094234,083	0,100000
3094235,206	0,100000
3094236,330	0,100000
3094237,452	0,100000
3094238,573	0,100000
3094239,691	0,100000
3094240,813	0,100000
3094241,936	0,100000
3094243,058	0,100000
3094244,181	0,100000
3094245,300	0,100000
3094246,421	0,100000
3094247,543	0,100000
3094248,665	0,100000
3094249,787	0,100000
3094250,907	0,100000
3094252,029	0,100000
3094253,150	0,100000
3094254,273	0,100000
3094255,397	0,100000
3094256,512	0,100000
3094257,634	0,100000
3094258,758	0,100000
3094259,880	0,100000
3094261,004	0,100000
3094262,124	0,100000
3094263,242	0,100000
3094264,366	0,100000
3094265,488	0,100000
3094266,609	0,100000
3094267,731	0,100000
3094268,850	0,100000
3094269,972	0,100000
3094271,095	0,100000
3094272,218	0,100000
